805

ALDIIELIIUS 8.), 801111111111111, LXXXIX, 100.
. 1110008108 8.),111011111111. episc.. 111,’000, 881,
{lxii-Im& 1213, 1361, 1108, 11901181, 1560, 1707:
100010008111111111 110111, 011, 916.
1180111118, (8.), 0111111111 archiepisc„ CLVIII,
372. 318, 115,593, 111 115 802

1000811008 (8.), Hipponous. episc, XXXIV, 383,
11111111, 1111, 1111, 1111, 1115· xxxvl, 111 111·
111111, 1111, 1111, 1111, 1111, 1111, 1111110 m:
1801011, 1069; 11, 019, 981.

XAXDUINU& 0111111111. 1101111111, CCIV, 101,
111111, 119, 111111.1
CCXXXIXIXCIIXIIIISI' XCI, 501, 503, 52& XCII, ¹1¹6.
0000010108 ,8.), 1111111111. 1110,, 0111, 581.
ἵ5111131113105111,),1111111111. abb, CXXXIII, 75,

8511011110108 (8.), 1103111111. 1111111111, LXXXIX,
011000, 0111111011.11111111., CLII, 711, 805; CLIII, 53.
1111010 (1.), 8131111111. episc., CLXV, 709.
0111110118,11101111111111, CVI, 107.

101.).1881000008, 101101, LXX. 170, 362, 821, 810,

1311311010111008, 0111110111,οο11111111. 1111111111, 011,

001301110811111, 0101, 06.
10111008, 1111111111.11111.,01.11111, 181.
11101100108081, 1111111111, evim, L, 83118591 861·
1100199108, 111 .,1Ι“11111., 1111, 989, 988.
10100101 (8.), Tolotai. arehie 111,, 011, 760 701.
1101110118, 0111111111. 11111.,1.1111,701.
0011100108 (8.), 011111111111111. CXLI, 937.
11111108 18), 1110,, LXXXVII, 10.
0111110108,1111,1111111. episc„ CCV, 609.
1111110018 01108808, CLXXII, 11831130.
CXCIII'HXXIS' 0110111111, 11111, 010111, 101, 10111
011110011108, abb.. 0111111, 910.
CCCLI'CIIIUS, 1110,,011111, 199, 319.
00100111081110008 1 181111, LXXV, 598, 8101
911 111111, 11, 111, 911.
0000011108 111, 011,, LXXXIX, 589.
00110108, 8. 111111111811, CXCVI, 1389.
1101100008, 111,, CLXXXV, 1111159. ·
0011101008, 8. 1111101111111111., CLXXX 522, 510·

1111110, 011011101111. 11111, CXVI, 268, CXVII, 113.

1100111008, 11101111.,001,970, 977, 391.
1101111008 31113111. monach, CLXXXI, 1911.
xIigldbssiliss (8.), pictaviens. epIsc., 11, 557, 931 1078;

1111111108,11111111111111, 1, 1915.
ι311111111111111081, 0111111111. episc, CLXXI, 391

01100010018 (sancta , abbatiss.. CXCVI, 280, 717;
CXLVII, 189352, 106.

0100111008, 0111111. archiepisc.. CXXV, 1099.

1101010118, 11111111111111, CLXXI, 305, 157, 889.

0000018. 11110110 CLXXV, 180, 913.

18111. 00 810111,01011,1719, 1871. ·

10811008 suession. episc, CLXXXVI 1190.

1111111111111111111111.,111111, 111.

1010111008, Lugdunens. e 111,, 1011, 861.

100 11100081 (8.), 11,,111, 235, 950, 190, 1901.

10908, Vertar. 11111, 0111, 111.
7113111101ἓὸ 11,), Legionem. presbyt, CCVIII, 087,
δί11111008 ,8.), 1111111111. 11111.,111111,961, 501,

ἰ).

00110 (8.), 0111111111. abb, CXLII, 1095.

000 18), cluniacens 1110,, 0111111, 312.

0111101108. monach„ CXLVI, 31.

9180018108 1110800108,(8.),0611111111. 1111, 011,
185, 530, 088, 1009.

9011108 0111111, CCVII, 1098.

111111111111.,1111,1111.

9011108 01111111 (8111101111, 0111, 358.

9011108 1011010008911111111, episc. CXCI, 1108,
1301 ; CXCII, 569,572.

9011108 911111νί111 episc. CCXI, 715.

901008, 11111010. CLXXXIX, 957.

9111119908 DE 0101000, CCIII, 81, 191, 311, 311.

11108011. (8.1,1 mian.. 11, 1111. 1111, 1191.
11111οὀ11111ὸὶ11,-101108, 1111111111. 1111111111, CVIII,

1110019008 100008 011,1308, 1175, 1560, 1787,

0011101008, 1110111111111111, 001187.

11001 00 001111.

1101110108, 110011011111111110.. CXXXI, 138.
ι90Ιο0109081 8. 11010101, 01011, 317, 113, 183,

1100011108 8. 1111111111111.,01., 1766, 1308.

0001008111011111, XXI 798.

80001108 810108, 0111, 57.

8111010008, 1111111011111. episc, 01110, 1891.

8109011108 0000111101.,11111111., CLIII, 931.

81091110081111111111. episc, CCXI, 572.

1110, Caesarangustau. episc.. LXXX, 802.

1000311008, 8111111111, 011111, 703.

1000001108,11111 111111. 01, 937.

10001801111111111 archiepiscop, CXC, 119.

0110100811, pap.. CLI. 309.

11011108, 11111111, LXII, 118, 192, 180
Η111161010008 81011108, 01110111. monach. CCIV,

.01.

11018000, 11111.,0101,1190, 1186.

110190000811111, 0111, 181. ’

11001008, 0111111111.,11, 1133. ’
3911111111118, Chysopolit. episcop. CLXXXVI, 391,

800110 ’11111111

De 1111110111 1111011111 0111111111.

Iu hac sectione ostenditur quod ex uo 110111
peccavit, non potuere homines 1111111111 abere ad
Deum,g¹·ati ipsi IierI, introduciquein 1111111110
pergratiam quae per Christum, 111 0011 promissum,
dabatur, vel nuuc datum, datur...

1001111008 (Petrus), 0111101803.

108018), 1101111111. abb, 011111, 139.

1081100, 8111111111). CCXI. 138.

1011108 vraemousiratens, CXCVIII, 930, 319.

11101108, LXXIX, 1137.

1111008, 011111111111111, CXXI, 510.

1110008108 18), mediolanens. episc, XIV, 0611,
111, 111, 1111, 911, 11111, 1111, 11, 1111, 1111, 1111,
111,110,508,111. ’

1110000811111111. 11111.,01.111110, 1300.

10801008, 0111110111. archiepisc„ CLVIII, 379,
131, 093, 711,111, 138, 805, 811,919, 901.

1080111080111111113111.111111, CLXXXVIII, 1113,

10801008, Luceni. episco ., CXLIX, 875.

11101111101111 episc.. LX. XIV, 115177.

1000811008 8.), Hipponem. episc XXXII, 617,
111111111111111, 111, 111, 111, 11111111, 1111,
1111, 11111111, 111, 8118111888, 111111 xxxvii,
1003,1115,11111801, 1881, 1509, 1511, 111ος XXXVIII,
111-191, 111 11, 111ς 1111, 11, 1111,

1019011108 11113018), Bonavent. 111,,111111,

111108 (8.), 11111111. epizo„ LIX, 301, 370.
Χᾶ101ὁ111111117111011), XCI, 81, 100, 118, 593, 98018015
XXXIXHGTUS 0108908 (8.) 0011111111. episc„

1111111111113 (1131111111. 111,, 11111111, 11,
ωο011ἑ1110108181,11131101. archiepiscop, LXXXIX,

01110110, Caesaraugustam 1111111111, 059.

00000 (8.),0110111111ο1. institutor, CLIII, 336.

01881000008,111111.,111, 101.

0101080008, 1 ,1111111088

0010001008 (LI. 111111, 1111, 9118.

01910110081810111111311111. 11111, 11, 198, 587,

01111808 (8.), 111,, XIII, 370.

0010001108, 0111, 11, 891.

0110108 [8.), 1111111111. 11ρί11, LXXXVII, 697, 013.

00000108, 7111111111, 19, 61, 95.

00019910811111111111, LXII, 1015.

0110811008 (8.1, 111, 108.

101000108, 0111111111. episc„ CXLI, 916.

0010001108 (8.), 0111111., LXV, 337, 311171,

1000100808 (8.),311111111.11111., LXXXVII, 1111.

011108 18), abb.. LXXXVII, 19.

000010108,11111011111. presb 1.,11111, 985.

0110001008 11, 1111111111111, 501.

00100, abb, CL 11 ,180

0011101008, abb, CLXXX, 599.

 

